487.82
179.66
473.28
196.84
461.04
213.14
451.44
226.39
441.07
241.09
430.09
257.12
419.39
272.71
409.40
288.20
399.38
304.89
388.54
323.15
377.34
342.33
366.16
361.61
354.90
380.93
343.38
400.53
331.57
420.23
319.81
439.90
307.43
460.15
294.09
481.60
281.16
502.17
269.20
520.80
257.33
539.22
244.93
557.88
232.55
576.04
220.90
593.10
210.60
608.26
201.47
621.43
192.75
633.79
184.43
645.65
173.41
661.23
161.33
677.91
150.49
690.92
152.18
696.38
168.86
693.88
189.08
690.81
206.17
689.00
219.23
687.97
232.41
687.40
246.18
687.25
260.52
687.71
275.57
688.34
291.12
688.71
314.62
689.41
339.31
690.40
356.04
691.49
372.97
692.39
391.09
692.95
409.60
693.42
428.32
694.06
446.45
695.53
464.42
697.62
483.28
699.44
502.37
700.74
521.66
701.61
541.31
702.26
560.70
702.89
579.04
703.35
596.14
703.5,
612.83
703.5,
629.10
703.04
643.93
702.36
656.60
701.93
670.83
701.67
686.10
701.62
502.50
180.71
501.24
195.33
500.50
208.96
499.43
225.40
497.01
256.45
494.07
290.28
492.00
315.20
490.23
341.93
488.08
384.95
486.20
429.22
485.51
475.76
485.95
523.38
486.93
555.20
487.30
587.48
487.05
635.56
486.92
680.41
486.96
706.18
487.27
739.43
487.85
767.54
488.27
782.35
488.80
795.51
489.06
810.02
489.06
824.46
488.67
836.04
487.89
846.92