130.58
301.80
133.88
289.31
139.20
277.27
145.50
264.69
153.02
252.53
161.75
240.76
173.69
228.44
186.69
217.71
198.38
208.85
210.87
200.12
223.69
192.46
236.68
186.47
250.01
181.87
264.24
177.59
280.25
173.06
297.04
169.17
314.61
166.27
329.13
163.88
339.58
162.00
354.92
160.15
370.50
158.64
381.46
157.70
392.19
156.72
402.99
155.94
413.81
155.53
424.34
155.37
440.11
155.77
455.94
156.41
466.56
157.12
481.72
159.16
496.71
162.18
510.80
166.96
529.09
173.98
545.96
181.32
561.42
190.08
575.83
200.40
588.78
211.29
600.97
223.53
611.52
236.87
620.46
252.65
627.55
270.97
632.18
289.70
634.68
308.64
635.21
327.38
634.05
345.77
631.11
363.54
626.21
380.83
619.43
398.37
610.95
415.38
599.55
433.73
588.92
449.41
581.05
460.55
570.71
473.87
558.03
488.84
543.52
504.41
528.93
519.11
515.51
531.70
500.82
544.10
485.20
555.96
468.17
568.95
452.26
581.09
438.25
591.02
424.19
601.15
410.53
611.77
396.39
623.56
380.78
636.44
363.94
650.52
348.18
663.29
333.39
674.20
318.62
685.39
304.02
696.66
289.93
708.40
275.94
721.35
262.77
733.68
251.18
744.72
238.25
756.33
223.99
770.01
211.37
783.36
200.24
795.74
188.57
809.03
177.28
820.93
166.95
831.43
155.91
842.04
144.99
852.26
135.77
862.83
138.47
872.26
152.22
876.83
167.36
878.05
184.80
879.12
203.73
879.30
219.10
878.29
234.84
876.45
250.09
874.62
260.65
873.44
277.38
871.45
298.87
868.87
314.65
867.27
331.35
865.53
347.72
863.76
358.34
862.74
374.43
861.26
390.29
859.98
401.03
859.24
417.53
858.36
433.77
857.71
450.97
857.37
468.95
857.06
480.90
856.93
499.40
856.93
518.30
856.93
530.40
857.17
548.88
857.76
567.34
858.34
584.43
859.79
600.72
861.56
615.56
863.17
633.56
864.70
648.71
865.90
661.91
867.67