121.6
295.0
122.5
282.5
124.9
270.7
127.7
259.0
132.1
246.0
140.0
229.1
151.5
210.7
165.2
195.9
181.0
185.1
195.1
178.3
206.3
173.8
217.8
169.5
229.9
165.5
242.7
161.7
255.6
158.7
268.8
156.1
283.0
153.9
298.1
151.5
313.7
148.5
329.3
145.6
344.5
143.4
359.8
141.6
374.7
140.7
388.5
140.3
402.6
140.3
416.8
140.7
430.2
141.6
443.2
142.2
456.0
143.0
469.2
143.7
481.9
144.6
493.6
145.4
505.3
146.1
517.4
147.4
529.0
148.6
539.9
149.9
550.8
151.8
562.1
154.6
577.2
161.4
595.8
172.9
612.3
187.6
626.7
204.3
639.0
221.2
649.3
238.3
657.8
255.4
663.2
268.7
665.7
279.2
667.2
290.4
668.2
302.2
668.4
313.3
668.1
323.6
667.8
334.5
666.7
349.7
665.1
364.7
663.2
380.8
661.1
397.3
659.7
408.6
656.6
422.6
651.7
437.2
644.4
449.5
633.3
463.3
619.0
477.8
605.9
488.9
595.1
496.7
583.3
503.9
564.3
513.3
544.2
522.3
529.8
527.4
515.6
530.8
502.2
532.1
480.3
530.5
457.3
527.8
442.4
526.0
427.7
524.0
406.1
521.0
385.9
518.3
373.4
517.1
356.4
515.9
338.9
515.3
325.8
515.2
327.3
513.0
340.2
510.1
351.7
508.4
364.7
507.0
385.1
505.4
406.8
504.4
422.8
504.9
445.7
507.6
468.8
511.3
484.3
514.1
504.7
518.8
524.6
524.6
537.2
529.4
553.9
536.1
570.1
543.1
585.3
551.2
606.9
565.0
625.7
579.9
639.1
593.1
651.1
607.1
661.6
622.2
668.1
635.0
672.3
648.8
675.9
666.2
677.8
681.1
678.8
695.5
678.4
710.9
676.0
729.2
671.0
752.2
663.3
775.8
655.5
793.9
644.6
811.2
627.8
831.2
608.0
847.7
592.2
857.9
577.5
866.0
558.0
874.9
537.4
881.4
514.4
886.7
489.4
891.1
463.2
893.9
436.8
896.5
409.7
898.9
382.3
898.9
354.6
896.3
326.4
892.5
298.0
887.8
269.4
882.0
241.0
872.7
214.5
859.8
190.0
842.3
166.4
817.0
148.0
789.5
134.8
766.0
123.7
745.3
116.3
726.3
113.0
711.3
112.3
699.3