379.32
152.73
365.26
154.49
349.13
158.51
335.15
162.74
324.74
166.29
313.98
170.32
302.98
174.80
292.53
179.17
282.32
183.55
271.95
188.52
256.62
197.30
240.98
207.05
225.94
218.34
208.37
232.81
193.14
247.36
179.33
263.45
166.54
280.45
155.51
296.75
144.45
314.24
133.34
332.84
124.19
349.43
115.66
367.14
109.10
382.30
105.19
392.61
100.82
407.46
96.911
423.11
94.117
434.89
91.557
446.05
89.702
457.23
88.065
468.20
86.799
478.73
85.957
489.66
85.723
504.95
86.765
523.81
88.908
543.42
90.516
559.12
91.487
569.71
92.442
580.80
93.925
596.30
96.724
614.39
100.97
630.43
106.54
646.70
113.09
664.83
119.92
682.22
127.55
699.04
136.26
715.81
146.16
731.58
157.98
747.23
171.28
763.55
185.37
779.07
200.23
792.60
215.48
805.53
230.85
817.20
246.25
827.64
262.06
837.35
277.99
846.00
293.78
853.29
309.82
859.72
325.24
865.71
340.18
870.96
354.95
874.40
369.03
876.81
382.79
878.42
396.39
878.28
409.75
876.81
422.30
874.76
435.25
871.26
450.52
864.00
467.66
852.37
485.88
837.03
504.13
818.98
520.84
800.27
535.43
781.18
545.38
765.98
551.21
755.40
559.81
739.01
571.07
714.80
578.76
695.50
582.77
682.51
589.02
661.22
595.18
639.28
599.07
623.47
604.04
598.33
607.76
574.08
609.67
550.55
610.83
527.18
610.48
512.84
608.72
488.86
606.55
463.17
602.31
438.33
596.63
413.22
592.14
395.07
587.67
376.66
579.79
347.71
570.48
318.42
559.50
290.27
547.87
262.66
538.97
245.47
524.34
223.19
508.32
202.62
495.84
189.84
475.34
173.33
452.67
159.20
422.90
150.67
389.65
146.33
360.90
149.97
306.64
172.95