163 242
161 259
160 275
159 287
159 300
158 312
158 325
157 338
157 350
158 362
158 375
158 389
159 403
159 416
160 430
160 443
161 456
162 469
162 483
163 496
165 508
167 520
168 531
169 543
170 556
171 568
172 581
173 592
174 603
176 615
178 627
182 639
185 656
189 671
194 683
201 696
209 709
219 719
231 727
245 734
260 740
277 747
293 752
309 756
327 758
344 759
360 760
376 759
391 759
403 758
415 757
428 756
441 753
455 748
470 742
485 733
500 722
514 708
526 692
535 677
543 661
549 646
554 628
558 613
562 601
564 589
567 576
569 564
572 551
575 538
578 518
581 497
582 482
584 468
585 453
586 430
587 406
589 389
591 372
593 354
596 335
598 318
599 302
602 280
603 262
602 251
601 237
600 224