180.94
297.37
190.40
287.76
200.16
276.09
210.79
262.96
222.08
249.03
233.70
235.19
245.24
221.90
257.37
208.32
270.24
194.62
283.50
181.11
296.86
168.08
310.14
155.81
322.39
144.51
335.30
133.00
348.88
121.14
361.20
110.03
372.52
100.37
381.11
101.60
384.10
112.88
382.96
124.99
381.06
138.01
379.28
150.50
377.66
162.26
376.01
174.97
374.63
188.09
373.80
200.89
372.92
214.74
371.87
229.09
371.00
243.90
370.04
259.95
368.95
276.56
367.50
294.87
365.84
310.13
364.06
324.81
361.98
343.43
360.57
357.64
359.68
367.98
358.91
382.68
358.39
402.30
358.20
418.19
358.53
429.16
359.14
444.61
359.49
460.44
359.57
472.08
359.76
483.34
359.76
494.22
359.96
509.82
360.16
530.45
359.99
548.06
359.80
561.38
359.89
573.86
359.79
586.34
359.59
599.95
359.49
614.14
359.46
628.79
359.36
644.25
359.26
659.87
359.35
675.08
359.37
691.07
359.14
706.97
359.14
721.89
359.37
736.61
359.52
751.30
359.53
765.94
359.76
780.78
360.62
794.85
361.39
806.03
362.62
816.79
363.62
827.64
364.58
840.92
366.05
856.27
366.98
868.45
367.70
881.06
368.29
895.20
368.65
907.55
200.68
890.53
215.17
889.59
230.78
889.00
248.99
888.22
268.14
888.18
282.84
888.5
297.35
888.62
316.60
889.09
335.75
889.75
354.69
890.32
373.44
890.70
391.81
891.22
409.92
891.78
427.78
892.09
445.03
892.25
461.88
892.56
478.51
892.87
494.41
892.87
509.23
893.03
522.87
893.18
535.32
892.87
547.68
892.56
559.69
892.87
571.27
893.34
582.58
894.43