438.69
160.56
425.18
161.64
409.50
162.54
391.43
162.87
376.97
162.56
365.90
162.25
354.82
162.25
338.91
162.55
322.04
163.41
309.35
164.66
297.97
165.92
287.29
167.37
275.45
169.44
263.13
172.19
251.52
175.38
240.73
178.47
225.77
182.29
207.37
187.35
191.94
192.09
178.58
196.71
165.99
202.25
154.16
208.66
142.56
216.18
130.96
225.56
118.99
236.70
108.87
247.76
101.44
258.59
94.639
271.76
88.534
286.48
83.728
300.77
80.728
314.91
80.285
328.45
81.176
340.30
82.513
351.18
84.617
362.94
86.919
375.79
89.307
388.37
92.486
400.61
96.965
412.85
102.27
423.86
108.97
434.69
117.40
445.79
126.90
456.77
137.55
467.37
148.60
476.69
160.21
484.40
173.21
490.46
187.20
495.04
201.72
498.61
216.08
501.51
230.73
504.09
245.06
507.30
259.59
509.73
274.90
511.12
290.06
512.64
305.65
514.16
321.46
515.38
336.42
516.44
351.28
517.45
365.91
518.19
380.01
519.30
394.55
520.68
409.26
522.21
424.41
523.85
440.04
525.80
455.63
528.40
471.34
531.68
486.92
535.92
502.30
540.85
517.22
546.02
531.91
552.33
545.53
560.31
557.17
569.15
569.81
580.93
580.41
593.22
587.65
605.73
593.61
618.30
598.66
630.52
602.74
643.69
604.44
656.43
605.00
669.40
604.95
682.29
603.75
695.27
601.35
709.03
597.92
722.44
593.72
734.96
589.01
747.36
583.78
759.80
578.03
771.85
570.76
783.50
561.53
796.00
550.27
808.54
538.79
818.06
527.27
826.24
514.52
834.74
502.26
840.95
491.27
845.11
480.72
848.12
468.73
850.70
456.00
853.11
444.22
855.25
433.27
857.25
420.88
859.21
406.69
860.89
392.22
862.55
378.15
863.96
363.72
864.90
349.17
865.53
334.47
865.37
319.40
864.90
304.08
864.28
288.44
862.86
273.37
860.97
259.29
859.00
245.65
856.56
232.25
853.53
218.90
850.06
205.35
845.51
192.24
839.84
180.13
834.31
169.06
829.39
156.44
823.95
142.75
816.37
130.64
806.89
120.36
796.21
111.56
784.01
103.75
770.65
98.256
757.29
94.984
742.31
93.785
726.75
94.717
712.54
96.784
698.30
99.742
685.06
103.88
672.33
109.23
659.73
115.67
647.23
122.88
635.49
130.47
625.25
139.31
614.86
150.96
603.36
164.31
592.31
178.38
581.79
193.74
571.19
212.45
560.71
232.17
551.63
249.53
544.98
266.16
539.75
281.66
536.37
296.80
533.94
312.04
531.37
327.41
528.63
343.56
525.24
360.12
521.56
376.57
518.22
392.30
515.26
407.14
513.00
421.07
511.32
434.21
510.09
446.90
508.57
458.90
506.23
470.89
503.29
483.53
499.14
495.57
494.40
507.25
489.26
518.57
482.78
528.99
475.70
539.66
468.19
551.72
458.18
564.66
445.69
576.08
432.50
584.73
419.16
590.97
405.78
594.43
392.07
596.09
379.21
596.72
366.86
596.14
353.50
594.33
339.10
591.26
324.79
587.51
310.03
582.69
295.48
576.65
282.15
570.20
268.80
564.03
253.85
558.14
239.74
551.68
228.01
544.43
216.57
536.63
206.13
526.20
194.75
512.82
183.23
499.00
174.50
486.88
169.15
476.01
166.40
462.64
163.66
448.55
161.29
432.74
160.68
417.81
160.68
398.11
162.43
373.18
166.27
342.43
172.02
301.66
179.67