132.14
242.25
143.21
243.65
156.10
244.12
172.03
244.59
189.79
245.08
208.46
245.55
227.74
246.0
247.34
246.78
266.99
247.67
286.45
248.38
301.14
248.73
311.46
249.12
327.07
249.75
343.22
250.06
354.42
250.06
365.21
250.06
376.12
250.06
387.12
250.21
397.96
250.54
408.61
250.85
419.58
251.15
431.20
251.46
442.82
251.78
454.19
251.93
465.16
251.93
476.01
251.93
487.30
251.93
498.55
251.93
509.42
251.54
520.25
251.07
531.14
250.84
545.75
250.53
563.76
250.88
579.50
251.66
592.84
252.57
606.12
253.19
618.59
252.56
629.53
251.45
641.28
249.91
653.37
248.52
664.33
248.65
668.68
254.34
665.07
264.58
658.82
275.18
651.04
287.18
642.98
299.76
635.13
311.49
626.16
323.90
616.02
338.49
604.51
354.51
594.47
367.97
586.48
378.81
577.24
390.76
568.56
402.34
556.39
418.97
543.27
436.46
533.47
449.92
523.84
463.60
513.51
477.76
502.28
492.92
491.07
507.84
480.04
522.60
468.53
538.45
456.76
554.65
445.98
569.24
435.71
582.86
425.57
596.01
415.14
609.65
405.04
623.26
395.90
636.05
387.97
647.55
378.43
662.23
367.59
679.41
357.86
695.10
349.54
709.35
343.32
720.73
338.15
731.16
333.22
741.75
327.88
752.47
321.91
764.46
316.29
776.06
313.15
786.17