666.05
177.25
652.73
178.15
637.77
178.93
622.86
179.53
605.97
180.21
591.78
180.59
581.28
180.68
570.67
180.68
559.20
180.71
546.50
180.87
533.54
181.15
520.56
181.40
506.70
181.71
491.80
182.00
476.89
182.32
462.22
182.61
447.09
182.77
431.06
182.87
414.37
182.87
397.38
182.87
380.71
182.56
363.93
181.92
346.65
181.46
329.09
181.31
311.26
181.31
292.92
181.62
274.54
182.09
256.57
182.25
239.37
182.25
222.74
182.25
206.40
181.90
191.40
181.09
178.55
180.04
166.98
179.29
152.21
178.28
137.56
176.87
129.05
182.44
128.45
198.56
131.68
215.66
133.22
230.30
134.19
246.08
134.86
262.04
135.15
279.57
134.68
299.52
133.64
318.91
132.61
335.97
131.56
352.36
130.56
368.47
129.91
382.96
129.43
395.58
128.91
409.16
128.57
422.40
133.98
427.15
145.97
424.50
162.47
419.74
178.31
415.40
190.18
412.26
203.05
409.44
216.69
407.14
230.32
405.78
243.75
405.19
257.42
405.06
271.56
405.44
285.44
406.20
299.01
406.95
313.59
407.70
328.95
408.48
344.02
409.69
358.13
411.37
372.97
412.95
389.43
414.04
405.60
414.43
420.93
414.43
436.01
414.83
450.97
416.17
465.62
418.24
479.84
420.47
493.98
423.04
508.06
426.15
521.38
430.07
534.02
435.04
545.88
440.84
557.58
447.18
568.88
454.05
579.50
462.19
593.38
476.22
605.76
491.06
612.89
501.91
619.38
513.84
624.88
527.20
629.46
541.24
633.10
555.09
636.10
568.29
638.72
582.15
640.68
597.29
641.65
612.88
641.89
628.35
641.99
643.67
641.70
658.48
640.97
672.15
639.96
684.80
638.73
697.72
636.82
710.84
632.53
728.65
627.59
745.40
623.48
756.39
616.58
771.30
606.37
787.83
595.49
800.75
583.09
811.84
570.27
820.72
558.99
826.53
547.39
831.04
535.12
835.04
521.46
839.46
506.67
843.98
490.57
848.57
472.45
852.81
457.95
855.36
447.60
856.92
430.85
859.20
413.23
861.25
400.72
862.49
381.36
864.25
361.74
866.02
347.83
866.98
326.53
867.20
305.38
866.87
284.15
865.23
262.27
862.93
240.00
860.60
218.59
858.75
204.99
857.89
191.96
857.11
176.56
856.51
160.50
856.31
148.47
856.62
137.22
857.25
125.87
858.5