153 724
158 708
166 688
172 672
177 660
182 648
187 637
193 624
198 612
203 600
208 588
214 576
219 564
225 553
230 542
235 530
240 519
245 508
250 497
255 486
260 476
265 465
273 450
280 435
285 424
293 409
303 390
312 370
322 351
330 332
338 315
345 299
352 284
359 270
365 257
369 245
375 233
381 220
386 221
392 234
396 246
399 258
402 272
406 286
411 301
415 318
420 334
425 352
432 369
438 387
444 404
451 423
458 441
462 455
467 469
472 484
477 500
482 516
485 527
488 539
491 550
496 564
503 581
511 600
519 618
528 635
535 652
540 665
546 678
552 694
557 708
563 720
568 730
573 740
301 530
313 531
326 531
340 531
355 532
369 532
382 533
395 533
407 532
419 532
431 533
443 533
456 533
469 534
482 534
495 533
507 532
517 532
528 531