251 239
263 239
274 239
288 239
303 238
319 237
334 237
350 237
367 237
383 237
398 238
413 238
428 239
442 239
455 239
467 240
478 240
493 240
508 241
521 241
533 241
388 247
388 263
388 278
388 291
388 306
388 324
388 343
388 362
388 383
388 402
388 421
388 441
389 461
390 481
391 502
390 523
390 544
389 565
389 584
389 602
389 620
389 636
389 651
390 666
391 679
392 691
394 706
396 721
398 735
399 747
399 758
399 768
400 779
258 765
273 765
289 765
301 764
315 764
328 763
343 763
359 762
374 762
389 761
403 761
417 760
430 760
442 760
452 760
467 760
483 759
496 760
507 761