598.43
455.05
598.43
442.65
598.70
430.54
598.35
417.66
597.01
404.74
594.67
391.30
591.89
378.11
589.79
364.09
587.87
350.12
585.84
337.59
583.28
326.09
580.12
315.22
576.61
304.56
571.84
291.90
567.06
278.80
562.10
266.08
556.57
253.26
549.88
240.84
541.86
228.88
532.48
217.01
519.99
204.9
506.16
194.63
492.10
185.81
477.73
178.59
465.13
173.94
453.54
171.61
441.09
170.08
428.14
168.83
414.25
168.18
400.03
168.03
385.27
167.87
369.97
167.71
354.52
167.40
338.30
167.56
322.63
168.03
307.36
168.77
292.51
169.83
278.43
170.65
263.69
171.55
248.79
172.86
234.07
174.91
220.18
177.54
207.09
179.80
194.83
181.78
183.28
184.23
170.28
188.42
157.90
194.18
146.34
201.89
134.05
213.30
124.49
225.56
116.91
238.16
111.44
250.24
108.65
261.57
106.98
273.39
106.96
284.69
107.71
296.66
108.24
309.84
109.06
322.27
110.65
335.65
112.38
349.35
114.51
361.46
117.69
374.98
120.80
388.38
123.40
401.74
125.92
414.74
128.87
426.98
132.73
439.41
137.19
450.47
142.48
461.19
150.30
473.88
161.19
487.90
174.83
500.14
188.33
508.21
200.32
513.00
213.31
516.23
227.13
518.69
241.36
521.01
257.07
522.50
274.15
523.40
292.53
524.34
311.14
525.25
329.08
526.34
345.97
527.72
360.86
529.28
374.16
530.50
386.22
531.86
397.39
533.30
409.40
533.96
421.93
534.16
435.36
533.54
449.81
532.20
464.84
530.45
480.39
528.02
495.91
524.70
512.14
519.26
528.30
511.77
542.97
503.60
555.67
495.71
568.81
487.20
581.31
479.04
593.38
471.36
605.25
464.28
614.28
466.54
617.56
477.00
616.56
489.83
615.86
506.13
615.69
522.22
616.36
535.75
617.51
548.92
618.95
560.97
620.41
573.99
621.20
587.05
621.30
597.89
621.09
609.57
620.80
622.99
620.50
637.05
620.19
649.59
619.75
663.94
619.20
678.41
618.67
689.77
618.06
701.67
616.83
715.69
615.63
729.14
614.87
740.92
614.02
752.69
613.36
765.60
612.87
777.79
612.89
789.58
613.08
803.10
613.18
816.73
613.57
829.06
613.86
839.80
614.38
850.53
617.27
861.25