376 227
362 228
345 231
326 235
311 239
300 242
289 246
278 251
266 256
256 262
242 270
227 282
214 294
202 308
192 324
184 341
176 360
171 374
166 389
160 403
156 419
151 437
147 455
144 477
141 494
140 505
139 515
139 531
139 546
140 560
142 578
147 595
153 612
162 628
171 643
181 658
193 674
205 689
217 703
229 716
240 726
251 737
263 746
276 754
289 760
302 766
315 771
329 776
341 779
354 781
367 782
380 782
392 781
404 779
415 776
427 771
440 765
455 756
468 747
479 739
489 731
505 717
524 698
541 679
553 663
561 649
568 635
574 620
579 605
581 594
583 581
585 568
587 555
589 542
591 527
593 511
594 496
594 480
593 455
591 431
588 415
585 400
580 385
572 366
563 347
556 335
548 324
537 308
520 289
502 272
487 260
476 252
465 246
453 241
440 236
415 232
385 234