388.74
167.35
376.48
177.93
362.15
193.03
347.68
210.04
333.76
227.54
321.58
243.69
311.05
258.76
300.50
274.83
291.64
289.07
285.03
300.64
276.60
315.74
268.65
330.23
263.57
340.77
258.57
351.45
253.47
362.63
248.32
374.52
243.45
386.60
239.20
398.82
235.34
410.88
231.13
423.44
226.70
437.74
222.68
452.68
219.05
466.89
216.16
480.84
213.64
494.33
211.77
506.62
210.62
518.73
209.62
530.75
209.41
542.60
209.93
553.76
211.63
568.55
213.92
583.36
215.77
593.78
217.56
604.68
219.32
616.34
221.17
628.59
222.95
640.61
226.03
655.73
229.60
670.39
233.57
683.89
239.87
700.19
247.99
716.14
257.28
731.75
267.24
745.60
277.80
756.61
289.55
766.42
301.45
775.00
313.12
782.24
324.87
788.59
336.10
793.34
347.07
796.79
358.15
799.19
369.47
800.24
381.29
799.92
393.69
798.12
407.33
793.21
422.05
784.52
437.49
771.79
452.99
754.31
463.83
738.59
470.53
726.84
479.11
709.25
486.43
691.11
489.92
678.46
493.63
658.78
496.50
638.55
497.52
625.44
497.83
607.80
497.31
591.18
495.15
577.22
490.85
561.35
484.92
547.70
477.56
536.15
465.79
524.62
451.29
514.50
437.39
508.19
421.48
504.45
403.38
502.92
383.98
503.41
368.27
504.98
351.90
508.06
335.61
511.83
324.80
514.68
309.19
519.10
293.60
524.08
278.64
529.87
260.60
537.66
245.85
544.88
234.31
551.74
224.30
560.50