180 240
183 260
184 279
185 291
186 305
186 320
187 336
186 353
184 370
183 387
182 404
181 422
180 438
180 454
180 471
182 489
183 508
184 527
185 545
185 562
186 577
187 593
188 608
190 623
190 638
191 651
191 666
191 680
191 692
190 704
190 718
189 732
189 743
197 749
209 749
222 749
238 749
252 748
263 748
275 748
287 747
299 746
311 746
323 746
336 746
349 746
362 747
376 748
390 749
404 749
419 750
436 751
452 751
468 751
483 752
499 753
514 754
528 756
540 757
552 758
566 759
579 760
181 505
199 505
214 506
227 507
240 508
255 509
272 510
288 511
306 512
325 512
343 512
361 513
378 513
395 514
412 514
428 515
443 515
456 516
469 517
480 517
493 518
506 519
517 519
192 240
210 242
226 242
240 243
254 243
268 243
282 243
297 244
312 244
326 244
340 245
355 245
369 245
383 245
397 246
412 246
427 245
440 244
452 244
464 244
475 243
490 243
508 244
522 244
534 244
545 244
556 244